release_year,number_of_titles
1942,1
1944,1
1945,1
1946,1
1947,1
1954,2
1955,3
1956,2
1958,3
1959,1
1960,3
1961,1
1962,3
1963,1
1964,2
1965,2
1966,1
1967,4
1968,3
1969,2
1970,2
1971,5
1972,4
1973,10
1974,6
1975,7
1976,8
1977,5
1978,7
1979,9
1980,11
1981,10
1982,15
1983,9
1984,11
1985,8
1986,11
1987,8
1988,15
1989,15
1990,17
1991,14
1992,19
1993,23
1994,19
1995,22
1996,19
1997,33
1998,30
1999,31
2000,32
2001,40
2002,44
2003,50
2004,54
2005,65
2006,83
2007,71
2008,110
2009,112
2010,141
2011,135
2012,163
2013,197
2014,242
2015,351
2016,577
2017,658
2018,648
2019,519
2020,442
2021,161
